11010010100110011001101101111010000001110001001001001101111100111110000000001111000011000011000110100100011001000011000101111111101110010111101100011111100011010100110011110011101010110101100100011110011001110011101111011101100011011001010000000010110000110100111000000110110100110001010001101110110000100001001000001001111111000101111100100101100011000110110101111110000001010111101010001101101111110010100111101110111101100011010101100001110011000000010010110110001000111101101101000101000110000001
11101000101001101110011100110101001100001010110010110000000010101001011111111110010110100001111001001111100111010101001010111100010000110100010001101001111001110111101110110100000101001010011101100111100100011000110001000100010111101111010111100001100100111111010000111010001111001100000011101011101110011110011101000100001000101111100111000001101110100000101100110000000001100011110101111000110011000011011000100001100010001011000111111010011101000111101101010101010100000010111100011001100011001111
10100010000110010111110001010100000001111000011000101001000000010001001111000100000110100001010111000111011111001110001111111001101010100011111100111100110011010100001111000011110111010110110010111011001011001111011010110001100000011001000101101001010110101100111001011110111000110111010111000111111110101011000111001100111101101000110100111001101100001100110101001110011101010001001001000111100101010001100100011001001100100111100010010111100010000000001000111011011001101111100000100011000111101011
11000000101110101111111001010001001001101010000010111001001100000101011101100110110111100001010101001111000100010111000111111111011000000011000100001101111010110111001000100100001100100000110010110000100000000010111000000001000011001111010101100011000110110111100001111100101111001100000011100101000010101111111110000000011111101100111111011101101111111110110101111010000000110010000101110110111111010011111010110001011000001010010011011111011100000001111100010110000000101111110000011011100011001111
00101101101110101111111111000001100101011100101100000010011111100001011001110101001100101000101100001011100001111111000111010100011101001000001011101010011100000000101110001101010001101100011000101100000101001110110010101010010011100000101101111101011101111010011011010011001011001010000100010110010001011011000110000010011000101111101100100100010011011101111011111000001110000010011000000100001110011101001010110001110010110110100110011010011110010110011010001110110011101110011101101001011101111010
11000101010010010101111011010000011011110100111100110000000101001100111000110011011011011101000100010110110100100011111101100110101011111001001110110001101100011110000000011000101110100100100010000011100011010110000110101110001011001001111000011110101111000100000110000001100000010110101100111100010111001011011011111100010010010100001001111011111110000011110110001001111110011000100110011011101111011111101000100011010000110100111011100100010100111010000010110011100010101100100011101010011010011011
11111010011011010001100001111001011101100011000010011001110010011000000001001010110010100100101110011001001001000110111101100001001100010111100101001111110010111110010101010110000000011000101101011011111100011011111001010101111100111001010010100001100010001101110100110110111011101001010000101110000000110101111100010010110101001010110011101001100000110000011101011110100000111010110100111010110101110010110101001100001111100000000001111001101001101100111101010011001100111111110010000110100011000101
01010101000111110001101011001100000011110111011100010000110001011000010010100110101010001000000110000000010011111011001101110000111110111001011110011011001101010000010000011011110011010110100001000011010011010111000010110110100100010000111010011100111001100111011011100011110000010010100100101110111101000101101011001100111000000100100110100000010010101101011011011101011111110001101100111101010111110110111100110100000101100111101001100000110110010000100101101011111111111100000000101101111110110100
00111110110111001111110101100000011101110101111111101101001110110100001000011100110011000100101110110011001000001010100111110011001001100100101101101100000010111011100101101000011000111101101111111100101101101011101011011001111110110110000111000010000100111100100010001100110100100101010010000100010101011011110001010101011110000111111101110100000001010110011001101010000000011110010000000100001101011001000111001001111010111010010100000111100001101101010011001110000101101100001110010001000010111010
11111011010100100000001110111100011100010111001101110100100001110100010010101111111001001101101010110100011010110001100000011110110010001110111011010001101100001110110111100011101011010111001100001100111111101001000011011010111001111001111000010110011001101011001101100001010100110101010001100000011000110000111010011001101011000001000110000001110010101111100110000100010010101100001100010101110010100110011101111100100111000010010101000000110111111100100110110000111010010001101111001101011100000101
10000101101011101001100111010101000001000100110101100100011111101100010011110001101010101001000100101101101010111110001101101000011101111010110010000010111101010100100010111101000011101011000011000111000010110010110000001110000110001001101010110101111011010100001010010001001111011101010001001100101101100001100101001111010011001111001000111101110001000001011110101000010011000111111000001010101101011100001011001000110000110001010100111100001110010010001011111111110110101111111101001010011111110001
00011111000010010011100011001000001111010111001110111001101001010000100101000100011000111000111111000001011101100010001111010101101010001011101011010100100111100011010001001000100110010100001010111001111111000011101110010011110001110111101101010100001001100001110010101111010000110101111010000111110011110101010100101000011101011000010110110111111101110001010011011011010011100011000111110001010100110100110110001110001011101011001000010111100000010101111100100011100010111101100000010101111000010000
01001101010110000111110011100000010111110110101100000000000001000000101101011111101001111100111101010011101101101010110111010110001000001100101111101001000101001001000010001001011101000100111110101000000101000010000111001010011001100110111101010110011101100011011111101011100000000001011010110111110011011111101110110000011000011000100110010010011100101111110011011001100011111001001011100100010100010111010001011011000010001011001001010110000011111111101110001010110011101100000011010001111100111110
00111111100001001010000110001000000110000111010100001001101101110000100101000100001011111000101011000001010000101000010010110011100011101000000011011100000110000000110101001011111011110000001001110100011110001101101100110011110110110000101111011110011001111111101111101101010000110010101100000001000101010100100111101100101100011101111110100110010001111011001010110111111110100010001011100001011001101100010110010110111111110110101100010011100010010100111101101100111111010000001100100101111110110100
11110010110000101000000100011010010010010111101101101101110111111010100100010011101001010111000011110100101001010000101000001011010101011010101010101111100110001100110111110010001000111101010000011111011001111001001110011111101010011001110000010010101001011011110000101110010100100101111001111011010000100100101000110011100101010111111010100011100000110010100111110111000000101100110011101000111000101110010101001110111101110000001101100001100000111010110110010101001000010001101111000101111000000101
11011010110001000000000000011110111100010001101011111111100010011110000010010111110001000111101010110101101011001000100000011011000001010010111001000101100011101111010011110011011000011111001011011010111101110101101010111101111100111111010010001010110000110000111000000110010100100111010101111010111000110100111000010001101111000010010100010001100000010010101100100110001101001111111100111000100000101010000101001100001111011111110001100101100010101111010011011101001101010001100011110101100100100101
10010110011010100001101001111111110001100011110000111011101110000010010011111101100000100110000100011001101011011111100101010101011001100110110100000100111010001100010001101110010000101010100100011000011000000110111001101001001001001001000000101001000010100001110010110110101111101111010100010110001101100001100101010110111101001010111110101101100011100000010101011110001100111010010100010010111110111000011011101100011101110110100000011001011101101010101110011010001001111111110011101111000001110001
01101101101110111011100111100001100111010010111000000010000101100100100000011110101000011000101100001000111000110110000111010000111011101101101011010001010100000001100100001101110011100100001100100100000111001110010011100010010010100110111101111101011011111011001011110001001011011011111110100100010101010101101011101100011010010001001110001010010000101101010011111001011110100000001000100111011100011110110000011000110010011110111101001010001011010111100100100110110011101110011100110011111101010100
11101000101011101111110101110001000111000000100000100000001010101000101000011110100010010001101100001110101001010110011111111100011001010100100001100001110001010101100110010101000001001000001101100111000110011010010101000100010111101111010111100001110110111110011001011010001011001101111011111110100000011111101010100010011000010111000101001111100001011000111101101001110001000001111011101010100101011011000011011011100010011011001101101010001011000111010001010111010100101110111100010011100111001111
11101000110000111010000100010000111110001000110010110010011010101101100100010011010101010101111001011101110100011100101010001110110111110001000001110011110000101110101110010111111110001000011010100111100110011100110000101100011011101001010101101010110000011010001001001000001001011110101111111001000110010100011011111100100010110111000001110111101101011010101100100101011100001110111101111001100000001010100010010000110110110100111101100110001010101110010010111101001001000010101111100000100100100101