01000101001000110100010010100011101010100100110111100110010001001111111000111111011001011010000000101011111001111100011000110010110111111101100110010011011101100010001000111101111010000001110100000011100010110100110001101110000000000000111000111111111101100110011111010011101111011111111100101010100101001110011011101101001010110000000101100010010000011011000010000001111111010111101000101001000000001111101001011001000000110111111001101000001111010010010010101001100011000010010001101001111101111110
01011010010100110100010000001000010110100011000001111101101100011100111001100111100001110100101010110010011000010000111000010111110011010001100101011101001010001000010011110011101011110001101010010011011110110001001100011101111001110000010000000010110110100011101101100100110100110101111000101000000000011110101110111001101110011000111110011110000001111110000000010111110000111100101110111111011000100011111111011111011111000010011011110101100110101100111110100001011000010000000011001111100100001110
11011010001101100000001000011011100110100101110101101111110111010110100000010111101000010011101010101100100001011101000000011001010101101000000111101111110110000101010011100110010001111001101001010000011100100101011000111011110100111111110010111001001001100010110000010110111111101110101101110010000100010100101001100111101110010010111100000011100010010100101110000111001100010100010000100100101010101110000101100100011111011110111001001001111000010111010011011000011101010010110001110101111001100101
00110101110101101000001110101000011000010111011111010100111011111100010001101001111011101100000010110000001001111001100000100110010100111100101010001010001100101010110100011000011000011101000101000100110001111101000011111110101111010000101010011110111011011101011110100011010000000011010100011010010101000100110101010111000010001111100011001100010011110111001010110000001110101100110100111110010011100100011111101100100001000100110100110000110111111000111111001100100111010000001111101110111110110000
11100101101000101110010110010111100000101100000101100100011001100111011111100011001110101011010001101111010110110100000010100100110110001000010110110011111101010101101100001101100110000011110010100100000000101000110100001010000011001111111101110101011111011110001011011001101011011100000010110001101011001110001110001001000010101101000000111101111101011001100110100000000011010111001011100011100001000111001011010011100000101001010111011110001110010001011010110100100010000010111101011010111111011111
10110111000100100110011010111010001000111111101110111001100001010011011100111001011111001011010011000110100100111001000010101111010001001110001110001100101110110111011111001010011101010100110110111000111001001001001011011011100001011111101101010110001101001101100010101101110000100100000011010001010011101010010000000000100101100000110011010001111110100111100111010110000010110000000101010100110011101101011100100101001101011000000010000111110101010011100110011000111011010001100001011100011010111011
10011010001011110101110001111111100111100001000000101011101110011010111010101101100000010011101110001110010010011110001101011001111011010101010101111100111010010100010011110110110010111010101101010011011110010011011001011101110100111001000010100001100100100000100000010100111111111100101001011100001000011011100000101000111100010010111100100111100001000000111101011111010000010000110000001001101100110001101110000101011111100010001000101001101101000100000011111011001101111110110001001101000001101011
01011111010110110001101011001000011111001101000110001001101001010101110000100110011101011100101110010000010001110011111101010011111010001001000011111101001111101010011001001011101010010000001000010001111110000011001000010011111000110000111000010110011011100010111111000111010000110000101000100110100001010101011010111000111110110000110100001110010011011111010011011111110011001101001000100111000110110110101110110100001111000011011001000001110110111100010010100011101010111100000010001111111100010100
10101001111110101011101111110001010101011100001100110000001001100001010101101101001110101101111101010101001100110111110111111100011000001111101011100000101100011101101110100000000100000100011110101100000101001010110111000010011011101111101101010101001001111100000100011001001110000001010011010101010010110001000100010010011001101101000100110101111111000101110110101000100010001010000111010100100111010100101011101010100010101010000110011110010101111101001000010110100010101101111111011001011011000001
01110111001011000001100011001011100001010101011100111011110101010110000000000111001010001010000110001000001001101110000101110101001100101010101010101111110110010001010101101110010001110100000001011000011001001111011010111011100101010111111010111101001011101100110010010111011111101111010100110110010101100001001001000110111111000100111101101001110000000001011011011110001110000000000100010010001101110110000101001100011101101110110001001001101000010001000001001010111111111111110001110111011011110000
10100101100001001110011110110000001000101100110111000100011111100101001101011101011101101001010001100111101101101001010010011110000100101110100110000010000100100111101100101000011100101001110111100100100000101100100101101010000101001110101111011110001101111000010110001011100100000011010111010011000111101110010101000111001011101011001101010100011111010011101110100000101110010110010011100000101010001101000011101011110000011110110110010110010001010011011011011100100111000001001101110001111000111011
01110010110100111110011100101000010010101001000010111001101110111101111100101111100100010100010011010010010101010001101010010101110010010101000100111101001010101001111101010010100110111000110110110111011010011001001001011101101011010110010101000000100110111000110000001110110000110100101010101011000010001010101000111000101110110011011100111110001111010100000000100111010000011100110101011111001010100011101110100101111101101010011111100111110101101001010010100101001000010000001111011111000000001010
00110010000010111111111101101100001011101011110010011001100100111001111011111100010110110000000110000010110010010011011111110101111010110101010100011100001010110010111101010010100011110010110100110111111010011011001001010101100011010000000101000000100100101101100001101100110000110000101000011100001100001011010111101100111100111101111111110010000010100000010001111111110000110000100100011001011111110001111100100101101101100010001110110111110101000010101100100011011000111100001100001101000010001010
01101000111001011010000100000011111110000000100010010010001010111111100100010110010010010110101011011000111000001100111010110100100011010001100001111001010000101011101100110101110010011000011001100111100110011101010100110100111111110110010111101001110010111110001101011000011111011011111110111001000000010100011010111000001010110111100101001110000001011000001000100001111100001000111111111011000001001010100110011010100010011110111101101010101010101111010001101101000101000010011110110011100111100100
10101001111010011001100111010001011101010100101111100110010111101100000000010100011011001101101100110100110000101010101101111010101111011011001011010010100101101110100110110001111010101101001000001111100111111110000010100110011010101001101000011110111001111100001101000001000110010110000101001100110000110001010010011001011011000111001101000001110000001011110110101000011111001101111000001001101101011100100000010000110010010111110100101000000010111110000000111111100011101101111110100001011110100001
00110010110010111111110001101100010011111001101000001001110110000001111111111100000111110100010101010011110111010010111111110011111111000111011100010110001010011001011101000010101110101110110110111000011011001010101111000001001010000110000101000010000100111100110101001110100000110000101010000111011010101011000110111010111101111110011101010010001100000010010001101111110000011010010011000001001101111001101000000111011101011010001010010111000101101011001000100110001000111101000010011101000010001010
01110010001011100101111101101111100001101001110001001101110000110011011110111111000110000010010111101010100110010111000101110001011101100110010100001111011010010000111101100111000101010011110111010100011000101011011001011001100100010000010010100001010110101110101001011100111111101000000000100101001110101111001001000111111101100001010100011000001110011000011001001110000000010000001001100010000111111011001100110101101101010010000111001101111111000010010001000010011100111111011101001111100111001110
00010111011001110000000010001001111000000011000000011011100111011100010000100101111011001100000010011001010001111100111000110111110010011001000010011100011110011011010001111100111010111000000001010011111010010101111000111111101101010110101010111111101011100101110110110111011111111010000100011010000001000000110000011010001110000010111111001000010000100011001010010010111110101110110100011011011001100100111100000100011001001110110000101001101100111001100111101001100111010010010011111111011011110000
00000101111110011001101111100011110011001000000001000110000111101111100100001100101110011110010101111000011100101111111101110000101010011101100010010000010100001000101000111101110110101001010100000111000010110110010001100110001010000000101000111101111001110110001111010001001111011011111100001101000011000101100010111001011010110111001100000010011110011101010010101001111110001100111000101101001111010100100001111000110000000110111100101000011011111000000000101111100011101110011110100001111111110100
10001000011110010101111001110001010111110010111001100100001110001000101000011100100010010101101100110110110001000011111101111000101011110111001101110000100001001101000010110001100011101101101100001011000111110010000011000100011010101111000000000000110100100101011101100010100110010100101001001110110100111011100011111101011001010110001110100111100011101100110101011001110001111101111000001101111111011001110011110001000010111011001010101000010011101111100100110011010000101101110010010001000110001011