10011010001000000110001000011101000110111111101101101101110100010001000111010001000101100001111011101101101110000101000010001011000101000010111101101110110011010101011011100110001101110111111010111000011101100001111110011001110000111111000101100011000010000001100000111100111111101101110011010001111010110000000100000011100101101000111010111001101110100010100101010111000001110011000011000010111010101000010101101110011111111001001010011111111000000111101110010000011000010011110001010110000001001011
01110000111011101001100101101011111011010001011010001011101010111110100001001011010010110110000110011001000001011110110101100001011000110110001000100101010011101010110100010100010000011100000101011100110001011111111011111101101110010000010010101001100000011100110100010110011011101010001100101110110100100101011101110110010111011111010001000110000001010000011001101011101101001111110000101000000101110010000110000100111001000101111101111001101001101000011011001110000101111111011111100100100011100100
10011000000110010001101001011000000111001011100001111101110110011101100100010001100101010001111111100100110101000011001101001011101111010000000001011110100011000100011010110011101111111001011010010011010110110011001000011101110000111001000000000010110010000011111001100110010100110100101001001111100010010101100010101001110110110010111010111011101110101110110101011111010001100101111100111111111110111000010100110100001011110001011000100101110010000110100110110011011000111100100001000110100100000101
01100101101001011110011110000111100010110110101100110010000011101010101110010010101010011010000001001010110010101101011010100100100011011001011110110001010100010001100100011100110010001110110001100111000011011100010110100110000111000110111111111101101101011101000110111001101011011110101110111001011001001010101010101000000000010111000010010010010010100001001010100001111110110000110111011001010011001111110000100011110000011100101111101110011000010011100101101101100111000010011100110000011011111010
01000101011011000111110011000001010001011110011101010100010011011001001101000011101101101100010111111011000101100110110111000110001100111010001010001011010100001001001000011100001101011101010011101000000001110011110110011110101101010110111111110111101101000001010110111011011011001000000010101111010111101011101101010111010001101010100010010000011100100011011011011000100010101110110111011000010100010111010100000011000000001000000011111110101000111001101111000010110110101111010011010000011001011010
00110111101010001001101111101001100001011111011100001011111111110001000000001001001100001000000110001001101001101111000101000001001100101110101010001110010111000000111101001110010001111100000100011100011001001111111011110011100010010000101000111101001011011001110010110111011011101011010100010110110101100001000001000100110101100011111010001100010011100001011011111110001111100011010000000010011110110100010110101100111101000101100110001001111001010010100100001110111011111111011101100110011001110000
11000101011101010100010010010111110010111100011101100110011011001111101010000110101100011111000000111110010011101100111000011000100111111001011110010011110100001100001000111100110011001111100001000011000011110100010010100110001100001001111010111101101101100000010110010011101111011110101101101010011101001110101001111101001010110010000100000111110001010101001110000001111110011100110000101101100000000111100010000001010000000110111011101000001000111000010001111001110111000010110010100001111001111111
11001111001101100100011010110011101100100110110110100010011101001110011000111011011001001011101000001110100000111101000000001110010101111100000111100011111100100110000011011110011000100000101111000010101100010100010001101110010101101001111010111111101101000011000010110001101011001110000101101000000101011110011001000100100010000000001011110101110011110111101110000100001110110000100000101100111010001111011010100001010110110100110011101100011101010110110111011000101111000010110001101000111001111111
11000101011001100100010010010111111010100100010111100110011101000110111010100111111010011111000000110110001010111100110000111100010100101000110110100011101101111110000010101001010000100011100001000000100000100100010000101010001111001001111010011101011101100110001111010001101110000111111101110000101101001110111011110111001010010100001101100111110001011001101110000001101111011101001000100000101001000111001011011001010000100111111011001000000110111000010001011000100111000000110011101001111111111111
00010101110010001111111111001100010001111111001100010000110101100001101111000000101100111100010101010011000111101011100111000100001100001010011110000010000101001001111000001010010100100110110010101100010001000110100110100010001011000110101101011100001111010001010110101011100000000010001110000111111011101011100100110010110001111101101010011010011110100001010011111100001111111011000111010010011110110101010000100111110101001101100110010110010000111001101100001110101011111101001110110110011000111010
00010010010011100001101001101110111001010011001010011011100010011010010010101001010011000110000110010000001011011011101101100111011000010110111000101100001011111011010001010011011001011110000101011011111001010111001011111101101101010110000010001010110010000111111001100110010000100011010100011110111000100101010000010010110101000010110011001000000010111010011001011110001101101001111100111010010111110000011101111100001101001101100000100001110111101001100111001011011101111101000011111110100110100100
11011101000100110000001010011110000110010111101100110000110001011010110010110011101011011011101010000100110010110001011000101110110111011011011011111011101101010100010010011011101010010110001000001011010111010001000010011110110001111001111000010110111001000111001111100001010000010100101001111000111001110100101010101010100001010100100010000011110010101111100110010101110011100001101100111101110011101110111100110100000011010001001001100000110110010110100110110001101010010001100001001100111110010101
11001001110001011010001110010100010110001110010101100100010011101001100110000111101110011101111001110101010111100001111010111000100110111001010011010011100100011101101010110000100110001011011001100111000110110000100100000110011110101111111111010100101001110101010100101011000100010100101011111011001110010000101001111101001000110111000110000011111110100001101110110001110010101110110011001001110011000110110001100010100010001010001101100010010000111101100101110101100110000000101111010001011010000001
11000000001001110110011100010011100000101010010001110110001000100111011100100111000101000011010001101111011101011101001010011110110010100011100100011001111000000101101010100100111110000001110011101111000010100100110000100000000101001111010111101011000100100011010001111010101111011111010111100011000110101110001011001111001011100001100110010101101111111010001100010000011100110110000101110001110010000011111011111001100000001110110111001110011100000001110101111001000101000011111101111001100001101111
10100101000000010110011010010000001010111110101111110100000001001101111101110101111101111000010001100010011101100001011010010110100011011011101110010000101101100110001100111000101111000101110010101011100011111000000110001110000001001001101101010110101111101001010110101011100100010101111010001011110011101010110100101001001011111000000110011011111110100011000110000001110011110101100111011011110010001101111001101011000000010011011010110110010100010000101110110001110010000001100001001011011000011011
11001111100101011000001010110100000110000100100100101001010011001100100011011011001011111001101000000101110011100001011000101111100111011101010011110111100111010100000011011011101010001010001101010011001110010000101001001111010111101001111010010110111011010110111111000111000000110100101001111010101001010000001110101010100110011110010001001011110010001111101110100111110011000111111000001111100011001110100000110000001110010001011001110001010011010110001011110111101110000000100001000010011110010101
00100101111011101111110111100101110001111010011000010010010010100001011110101001100101001100010101011010001111111110110111000110011100100110111100000010011000001001101100001100011100001110110111101100000001001110010011101000001101000110001111101111000110011001010110111011101011001011010110000111011111101011100001010100010001100011000010011000011100100011011001111000101110111000010101010010010100010001011000001001100000001100100110001110001101101001100111001110100111101101011111111010000001111010
11011111000000000110010010111010100100101101000100111011101101000011001101001110001100101011111001000111001100100000010010011101000000001100100111100101100111000101011011001011010101100000111110110000011100000100101101100011010001101111111101011100011101100010101111001101100000100111010111100001100011011110001100000000101100101000011100110101111101011001100110000110101111010011001111110000101000100111000010011111011111101111100011010111000011010101011000010000111011010000100000110101111100011111
11101000010010100111111001110100010101011000001000100000011100000101011111101011000111100101111101010111010111010011100111101010111110000110011001010011101001011100001110000011101110100110011110101000000111001010100111001000011000101001010101000010010110001110011001001010000000010100000011100111111010111111001110011000110011101100001001111101101111011010110101001100010001001111001011100011101111010011001010110011010010100001010011010110010111101100011010110010000000101101100011001010100110001111
10011010000011010111110001011000000111011011011000111011101110001001101100000000100101010001111101000110010101001010001111001111101010110000001001010100100011000100011011010010111110101100011011110011011111010110001110100101010101101001000111001010100100000001110000101110000000110110101111001111110110011011100001101100110100110010011010010111101101100010111101011111011101100001110111011001111100110001010010000111011111000101101010100111000000000100100101111011001101111100100000100100000000101011