10001101100101001100010110111100001100101110000110110000110111101101001010001100111110001001101000000110000011101000000000111100000100011100010111000010100100110110111010011011010001101010101101000100110100010100000001100110010111101001101010011100111111110111011011100011100000000110000101011010001001011110110010000000101010100111101111101001110000101101101110110100001110110100111100111110111001100101010000010101110111100110110110100000000011010100100101011100111111010000101100100111111110111111
10101101100101001100010110111100001100100111000110110010110111101000001010001100111010001001101000000110000011101000000000111100000100011100010111101010100100110110110110011011010001101010101101000110110100011100000001100110010111101001101010011100111111111111011011100011100000000110000101011010001001011110110010000000101000000111101111101001110000111101101110110100001110110000111100111110111001100101010000010101110111100110100100100000000011010100100101011100111111010000101100100111111110111111
10101101100101001100010110111100001100100110000110010000110111101100001010001100011010001001101000000110000011101000000000111100000100011100010111000010100100110110110110111011010001101010101101000110110100011100100001100110010111101001101010011100111111111111011011100011100100000010000101011010001001011110010010000000101010000111101111101001110000111101101110110100001110110110111100111110111001100101010000010101110111100110110100100000000011010100100101011100111111010000101100100111111110111111
10001101100101001100010110111100001100100111000110110010110111101100001010001101011010001001101000000111000011101000010000111100000100011100010111100010100100110110110010011011010001101010101100000100110100010100100001101110010101101001101010011100111111110111011111100011100000000110000101011010001001011110010010000000101010000011001111101001110000101101101110110100101110110110111100111110111001100101010000010101110111100110110110100000000011010100100101011100111011010000101101100111111110111111
10001101100101001100010110111100001100101110000110010000110111101101001010001101111110001001101000000110000011101000000000111100000100011100010111000010100100110110111010011011010000101010101100000100110100010100100001101110010111101001101010011100111111110111011011100011100000000010000101001010001001011110110010000010101010100111001111101001110000111101101110110100001110110110111100111110111001100101010000010101110111100110110110100000000011010100100111011100101011010000101101100111111110111111
10011101100101001100010110111100001100101111000110010010110111101101001010001100011110001001101000000110000011101000000000111100000100011100010111100010100100110110111010011011010001101010111101000100110100010100000001100110010111101001101010011100111111110111011011100011100000000010000101011010001001011110010010000010101010100111001111101001110000101101101110100100001110110100111100111110111001100101010000010101110111100110110110100000000011010100100101011100111111010000101100100111111110111111
10001101100101001100010110111100001100101110000110010000110111101101001010001101111110001001101000000110000011101000000000111100000100011100010111000010100100110110111010011011010001101010101101000110110100010100000001100110010111101001101010011100111111110111011010100011100000000010000101001010001001011110110000000010101010100111101111101001110000101101101110110100001110110100111100111110111001100101010000010101110111100110110110100000000011010100100101011101111111010000101101100111111110111111
10101101100101000100010110111100001100101110000110010000110111101101001010001100111110001001101000000110000011101000000000111100000100011100010111000010100100110110111110011011010001101010101101000110110100011100100001100110010101101001101010011100111111111111011011100011100000000010000101011010001001011110110000000010101010100011001111101001110000111101101110010100001110110010111100111110111001100101010000010101110111100110110110100000000011010100100101011100111111010000101100100111111110111111
10101101100101001100010110111100001100100110000110010000110111101100001010001101111010001001101000000110000011101000010000111100000100011100010111000010100100110110110110011011010001101010101101000100110100011100000001100110010111101001101010011100111111111111011111100011100000000010000101011010001001011110110010000000101010000111001111101001110000101101101110110100101110110100111100111110111001100101010000010101110011100110110110100000000011010100100101011100111111010000101101100111111110111111
10001101100101001100010110111100001100101111000110010000110111101101001010001100111110001001101000000110000011101000000000111100000100011100010111101010100100110110111010111011010000101010111101000110110100010100000001100110010111101001101010011100111111110111011010100011100100000010000101011010001001011110110000000000101010100111101111101001110000101101101110110100001110110000111100111110111001100101010000010101110111100110110110100000000011010100100101011100101111010000101100100111111110111111
10001111100001001100010110111100001100101111000110110010110111101101001010001100011110001001101000000110000011101000000000111100000100011101010111100010100100110110111011011011010001101010111100000110111100010100000001100110010111101001101010011100111111110111011011100011100000000110000101011010001001011110010010000000101010100111001111001001110000101001101110110100001110110100111100111010111001100101110000010101110111000110110110100000000011010100100101011100111011010000101100100111111110111111
10001101100101000100010110111100001100101110000110110010110111101101001010001101011110001001101000000110000011101000000000111100000100011100010111000010100100110110111010011011010001101010111101000100110100010100100001100110010101101001101010011100111111110111011011100011100000000010000101011010001001011110010010000000101010100111101111101001110000101101101110010100001110110110111100111110111001100101010000010101110111100110110110100000000011010100100101011100111111010000101101100111111110111111
10111101100101000100010110111100001100101111000110010010110111101001001010001100111110001001101000000110000011101000000000111100000100011100010111100010100100110110111110011011010001101010111101000100110100011100000001100110010101101001101010011100111111111111011011100011100000000010000101011010001001011110110000000010101000100111101111101001110000111101101110010100001110110000111100111110111001100101010000010101110011100110100110100000000011010100100101011100111111010000101100100111111110111111
10011101100101001100010110111100001100100111010110110010110111101100001010001100111010001001101000000110000011101000000000111000000100111100010111100010100100110110110010011011010001101010101101000110110100010100000001100110010110101001101010011100111111110111011011100011100000000010000101001010001101011110110011000100101010000111101111101001110000101101101110110100001110110100111100111110111001100101010000010101110011100110110110100000000011010100100101011100111111010000101100100111111110111111
10001101100101000100010110111100001100101110000110010010110111101101001010001100111110001001101000000110000011101000000000111100000100011100010111000010100100110110111010011011010001101010111100000111110100010100100001100110010101101001101010011100111111110111011011100011100000000010000101011010001001011110110010000000101010100111101111101001110000111101101110010100001110110110111100111110111001100101010000010101110011100110110110100000000011010100100101011101111011010000101100100111111110111111
10101101100101001100010110111100001100101111000110010000110111101001001010001100111110001001101000000110000011101000000000111100000100011100010111001010100100110110111110011011010001101010101101000100110100011100000001100110010111101001101010011100111111111111011011100011100000000010000101011010001001011110110010000000101000100111101111101001110000111101101110110100001110110000111100111110111001100101010000010101110011100110100110100000000011010100100101011100111111010000101100100111111110111111
10011101100101000100010110111100001100100111000110110010110111101000001010001100111010001001101000000110000011101000010000111100000100011101010111100010100100110110110010111011010001101010101101000110110100010100000001100110010101101001101010011100111111110111011111100011100100000110000101011010001001011110110010000000101000000111101111101001110000111101101110010100101110110000111100111110111001100101110000010101110011100110100110100000000011010100100101011100111111010000101100100111111110111111
10001101100101001100010110111100001100101111000110010000110111101101001010001101111110001001101000000110000011101000000000111100000100011100010111001010100100110110111010011011010001101010111100000110110100010100000001100110010111101001101010011100111111110111011011100011100000000010000101011010001001011110110010000000101010100111101111101001110000101101101110110100001110110000111100111110111001100101010000010101110011100110110110100000000011010100100101011100111011010000101101100111111110111111
10011101100101001100010110111100001100101111000110110010110111101001001010001100011110001001101000000110000011101000000000111100000100011101010111101010100100110110111010111011010001101010111101000100110100010100000001100110010111101001101010011100111111110101011011100011100100000010000101011010001001011010010010000000101000100111101111111001110000101101101110110100001110110000111100011110111001100101110000010101110111100110100110100100000011010100100101011100111111010000101100100111011110111011
10011101000101010100010110111100001100101111000110110010110111101101001010001101111110001001101000000110000011101000001000111100000100011101010111000010100100110110111010111011010001101010111100000111110100010100000001101110010101101001101010011100111111100111011010100011100100000010000101001010001001011110110000000000101010100011001111001001110000101101101110010100001110110100111100111110111001100101110000010101110011000110110110100000000011010100100111011001111011010000101101100111111110111111