10001101100101000100010110111100001100101110000110110010110111101101001010001101011110001001101000000110000011101000000000111100000100011101010111000010100100110110111010011011010001101010111100000100110100010100100001100110010101101001101010011100111111110111011011100011100000000010000101011010001001011110010010000000101010100111101111101001110000101101101110010100001110110110111100111110111001100101110000010101110111100110110110100000000011010100100101011100111011010000101101100111111110111111
10011101100101000100010110111100001100101111000110110010110111101101001010001101011110001001101000000110000011101000000000111100000100011100010111000010100100110110111010011011010001101010111100000100110100010100100001100110010101101001101010011100111111110111011011100011100000000010000101011010001001011110010010000000101010100111101111101001110000101101101110010100001110110110111100111110111001100101010000010101110111100110110110100000000011010100100101011100111011010000101101100111111110111111
10001101100101000100010110111100001100101110000110110010110111101101001010001101011110001001101000000110000011101000000000111100000100011101010111000010100100110110111010011011010001101010111100000100110100010100100001100110010101101001101010011100111111110111011011100011100000000010000101011010001001011110010010000000101010100111101111101001110000101101101110010100001110110110111100111110111001100101110000010101110111100110110110100000000011010100100101011100111011010000101101100111111110111111
10011101100101000100010110111100001100101111000110110010110111101101001010001100011110001001101000000110000011101000000000111100000100011101010111000010100100110110111010011011010001101010111100000100110100010100100001100110010101101001101010011100111111110111011011100011100000000010000101011010001001011110010010000000101010100111101111101001110000101101101110010100001110110110111100111110111001100101110000010101110111100110110110100000000011010100100101011100111011010000101100100111111110111111
10001101100101000100010110111100001100101110000110110010110111101101001010001101011110001001101000000110000011101000000000111100000100011101010111000010100100110110111010011011010001101010111100000100110100010100100001100110010101101001101010011100111111110111011011100011100000000010000101011010001001011110010010000000101010100111101111101001110000101101101110010100001110110110111100111110111001100101110000010101110111100110110110100000000011010100100101011100111011010000101101100111111110111111
10001101100101000100010110111100001100101110000110110010110111101101001010001101011110001001101000000110000011101000000000111100000100011101010111000010100100110110111010011011010001101010111100000100110100010100100001100110010101101001101010011100111111110111011011100011100000000010000101011010001001011110010010000000101010100111101111101001110000101101101110010100001110110110111100111110111001100101110000010101110111100110110110100000000011010100100101011100111011010000101101100111111110111111
10001101100101000100010110111100001100101110000110110010110111101101001010001101011110001001101000000110000011101000000000111100000100011101010111000010100100110110111010011011010001101010111100000100110100010100100001100110010101101001101010011100111111110111011011100011100000000010000101011010001001011110010010000000101010100111101111101001110000101101101110010100001110110110111100111110111001100101110000010101110111100110110110100000000011010100100101011100111011010000101101100111111110111111
10001101100101000100010110111100001100101110000110110010110111101101001010001101011110001001101000000110000011101000010000111100000100011100010111000010100100110110111010011011010001101010111100000100110100010100100001100110010101101001101010011100111111110111011111100011100000000010000101001010001001011110010010000000101010100111101111101001110000101101101110010100101110110110111100111110111001100101010000010101110111100110110110100000000011010100100101011100111011010000101101100111111110111111
10001101100101000100010110111100001100101110000110110010110111101101001010001101011110001001101000000110000011101000000000111100000100011101010111000010100100110110111010011011010001101010111100000100110100010100100001100110010101101001101010011100111111110111011011100011100000000010000101011010001001011110010010000000101010100111101111101001110000101101101110010100001110110110111100111110111001100101110000010101110111100110110110100000000011010100100101011100111011010000101101100111111110111111
10011101100101000100010110111100001100101111000110110010110111101101001010001100011110001001101000000110000011101000000000111100000100011101010111000010100100110110111010011011010001101010111100000100110100010100100001100110010101101001101010011100111111110111011011100011100000000010000101011010001001011110010010000000101010100111101111101001110000101101101110010100001110110110111100111110111001100101110000010101110111100110110110100000000011010100100101011100111011010000101100100111111110111111
10001101100101000100010110111100001100101110000110110010110111101101001010001101011110001001101000000110000011101000000000111100000100011101010111000010100100110110111010011011010001101010111100000100110100010100100001100110010101101001101010011100111111110111011011100011100000000010000101011010001001011110010010000000101010100111101111101001110000101101101110010100001110110110111100111110111001100101110000010101110111100110110110100000000011010100100101011100111011010000101101100111111110111111
10001101100101000100010110111100001100101110000110110010110111101101001010001101011110001001101000000110000011101000000000111100000100011101010111000010100100110110111010011011010001101010111100000100110100010100100001100110010101101001101010011100111111110111011011100011100000000010000101011010001001011110010010000000101010100111101111101001110000101101101110010100001110110110111100111110111001100101110000010101110111100110110110100000000011010100100101011100111011010000101101100111111110111111
10001101100101000100010110111100001100101110000110110010110111101101001010001101011110001001101000000110000011101000000000111100000100011101010111000010100100110110111010011011010001101010111100000100110100010100100001100110010101101001101010011100111111110111011011100011100000000010000101011010001001011110010010000000101010100111101111101001110000101101101110010100001110110110111100111110111001100101110000010101110111100110110110100000000011010100100101011100111011010000101101100111111110111111
10001101100101000100010110111100001100101110000110110010110111101101001010001101011110001001101000000110000011101000000000111100000100011101010111000010100100110110111010011011010001101010111100000100110100010100100001100110010101101001101010011100111111110111011011100011100000000010000101011010001001011110010010000000101010100111101111101001110000101101101110010100001110110110111100111110111001100101110000010101110111100110110110100000000011010100100101011100111011010000101101100111111110111111
10001101100101000100010110111100001100101110000110110010110111101101001010001101011110001001101000000110000011101000000000111100000100011101010111000010100100110110111010011011010001101010111100000100110100010100100001100110010101101001101010011100111111110111011011100011100000000010000101011010001001011110010010000000101010100111101111101001110000101101101110010100001110110110111100111110111001100101110000010101110111100110110110100000000011010100100101011100111011010000101101100111111110111111
10001101100101000100010110111100001100101110000110110010110111101101001010001101011110001001101000000110000011101000000000111100000100011101010111000010100100110110111010011011010001101010111100000100110100010100100001100110010101101001101010011100111111110111011011100011100000000010000101011010001001011110010010000000101010100111101111101001110000101101101110010100001110110110111100111110111001100101110000010101110111100110110110100000000011010100100101011100111011010000101101100111111110111111
10001101100101000100010110111100001100101110000110110010110111101101001010001101011110001001101000000110000011101000000000111100000100011101010111000010100100110110111010011011010001101010111100000100110100010100100001100110010101101001101010011100111111110111011011100011100000000010000101011010001001011110010010000000101010100111101111101001110000101101101110010100001110110110111100111110111001100101110000010101110111100110110110100000000011010100100101011100111011010000101101100111111110111111
10001101100101000100010110111100001100101110000110110010110111101101001010001101011110001001101000000110000011101000000000111100000100011101010111000010100100110110111010011011010001101010111100000100110100010100100001100110010101101001101010011100111111110111011011100011100000000010000101011010001001011110010010000000101010100111101111101001110000101101101110010100001110110110111100111110111001100101110000010101110111100110110110100000000011010100100101011100111011010000101101100111111110111111
10001101100101000100010110111100001100101110000110110010110111101101001010001101011110001001101000000110000011101000000000111100000100011101010111000010100100110110111010011011010001101010111100000100110100010100100001100110010101101001101010011100111111110111011011100011100000000010000101011010001001011110010010000000101010100111101111101001110000101101101110010100001110110110111100111110111001100101110000010101110111100110110110100000000011010100100101011100111011010000101101100111111110111111
10001101100101000100010110111100001100101110000110110010110111101101001010001101011110001001101000000110000011101000000000111100000100011101010111000010100100110110111010011011010001101010111100000100110100010100100001100110010101101001101010011100111111110111011011100011100000000010000101011010001001011110010010000000101010100111101111101001110000101101101110010100001110110110111100111110111001100101110000010101110111100110110110100000000011010100100101011100111011010000101101100111111110111111