10111000111001101100010110011011111100101101110110110010110101100011011000110001011101000111101000011110100000011100110000001110010101101000000111001010111101101110111110000111011001100000101011000100110100001100010100101010011111101001101010111011011111011000001100010000101011001110000101000000100100011010010001010110100000100001101001111001100000000011101110100100101101011001001110010010101000101101001000000111110111110101100110001100001110111110000011011100011101010010111111101110011101101011
10011111010000110110010010111000010100101101010100111001101011010001011100101000001100001101111011010110010101110000111010001001110010101110000111010100101110001101011011001011100110011000111100110000011110000001001001010011111000111111101101010100011111000010111111001111110000110100000011000011000111111110000011011100100101100010010000101101111101011001100110000110110010011000011101110011100000100101001110010101001111101000000010000011100111111101010000110000101010010001100010011110111100011111
01101101100100111000001010000000001110010110001111000100001101001000110000100111111011011000101000100000010001111001011000110010110011011001001011010001001100100011000100111011111011100101001000000011100111111100000010101110010010100110111000011110111011111111011111100011000100010010101100101010010001010100111010101001101000010100101111101110010011111111000010110101111110100000101000101111011011001110111010110000010110111110101001100000010110010101110110101101111011000000000001111011111110110100
10110101110001011100011110011100010010100101110101110100110101110100101011010101001010111101000010110111111010100001110000111100100111101001110110010010100100011100110100101000100011110011100001000100010010101001100000011010101111011001101010010100001111111100000111000001110100010101111001000000001101001010000111111101001010011101001101101011110010000001101110100001110010011110000100010011101011101101100101101101100001110010011110010000110000111010001011110100110110010000101111000111011010011011
01011000001001110010001000100101001110001001110010100000011000011101111111111010010101110000111011001001110111010101001010000010110111110111010001111011011000110011001010010101101111010010011111101011100110010001110101011100110100110110010111100011110010000010011001011010011011011100101010111011001110110100011111101100000011111000100001011110001111011010100000000001010000000110101011101011000010001010101110110011000010011000011011111110111111000111011011100001010100000011010000011010100101000100
00000101010000010110010010100000010010111110111101000100010101001101111101111000101101111100010001110011011101101000111010000010100111111110101110010010001101001001001000011000111111100101110110101011000011110100100111100110001000000110101101011110101101000001010110101011100000010011111110001011110111101010100111111101000011111000001010010010011100100011000010000001111111111111100011001001011000001101011001001011010000011101111010110110000101111001101100101001110011000001000010111000011000111010
11001101100001010100010010011100001100100110000110110010110011001100001010000111111010001001101000000110010011101000011000111100100110011001010111010011100100110110010010111011110011001010101000000011110110010100100000100110010101101001111010011100111101110111011111100011100100010110000101101010001001011110111010001000101010000110100111100001110000101001101110010100111110110110111100111001110001100111110000010101010111100110110011100000000010010100100101111101111011010000100001100101111110111111
10011101001101010100011010111001001100100111010111110100110111001100001001001001111010101001101000101111001000100101001000101100000100111101100111101010110100100110010010011101000001101001101101000011110100110000110001000110010101101001101010110101111111000111001011110001101011001101010001001000000101011010110101000111000010001110101011101001110010101101101110010000000010110110111100011110111011100101110001111101000011100000010010111000011011010100101101010001110110010010110001000110011111011011
01110010101011111001100101001111100001010001011000111011100100111010010010100110000000000010000110001000011011011110001101010001111010110011111000010101111011000000110101010101110010110110000001011111011011011111011010110101100100010001010010101001110000111010111001010110011011111111010100101110111100100101001011001100011101000001011100000001100000011000011001101010011101000001101100111001001100110010101100011100111101000111100101101001101110000000010001101111000101111111111100101101100101100100
00001101000101010100011000100110100110101010110001010110000010001111101011011100100101110010111000101011111110001001001000010110100011110101110101111000010001010000001010111101111110001011111111000011000110110100110001100100010101100000000010101110110100100011001011100000100101011011111100011000101111011110100111101101001010111010100110110010001110111110101000010001011101110111111100111101010010001001110001111001000010110111111010110100011011000110101101101001000101000010000000100001100100111110
01000101110000111110011110100000011010001110000110010000001001101001111101101010111110111100010001010011011100110001111010100100110010011101100010010001001101101011101000011001100110000000010100100111100010010000100101000110001011000110111101010100111101010111001111101001000000010001111010101001100011001110111110111000000000111101000011000110011111111101000010100001110011101011101111111101010011000111111010111011100000001001001111110010010111111001111100100101100010000000001110011000111110011110
01001101000100011000000110000110101110000110100110100010000111101010100011010111111011111010101000000001110011101000011000110010100011011011010011010001100100110010100000111001111011101010001000000111100110010100100000101110010010100001111000011110111011100111011111100011000100010110101100101010001001110100111110101010001001011111101111101011110000111111001010010001111110100010111000101111011001001110110000010000110010110110101101110000000010010110111110101001110011000001101101100011111110110100
00100101110101111100011110100100010010101100100100010000000011111001111110111001001101011100010011010010110111111001111000000110110011011101010110010000001101001000101100011000111111011010110111000111000010011101000001111110101111010000101010011110101111011000010110000011110000010110101100001011101011001010000010111000000000110111000000111010011110000111001010100001111111011001110100011111000010001101101100100001110000110101101110100100110101111010000011101101110111000000001111101010011000111010
11101101100000010110010110011000001100101110010110100000101001101001011100100110111110001001111001000110010101100000001010110000100010111001000111010001101100100110111100111011100111000000111000100111110110011000000100000110010000101001111101010100111111111111011011101011100100010100000010101011000111011110111011001100101000100001000111001101111101111001100110000100010010110000101011101011110001100111111010010111100011000010000111100010000110010100110100110101111010010000101100001111111110011111
00100101101110001011101111000011101001011100101111000110001101100111010101110101011100101010010101101001101101101111010111010000001000001010101010000000011100100011101100101100010100100101010000101100100001101110110110101010000010000110101101111101001011111000010110011011001111001011010110000111010011100101010100000001011011101101001100001100011111010101010010101000101110000110000011100110001110010100001011101010110000001110110110011010011100010011011010001110100011101111011101111011111001110000
10101111000100010110011110011100001100101110000110110000111101101101001110000100111100001001111001000110000111100001011010011100000100011001010111000010100100110111111111111010000100100010111000100111111100011100000100100110010001101111101101011100101101101001010110101011100100000110000111011011001011011010110000000000101010100001001111100101111111100101100110000100101110110100100111011100111010100101110010100111110111101110110110100010010000010101100100010001101010010000101100110101011000011011
11000101101101101100011010110111101000100100110110100010001111011010001010011011011001001011000010001110100011111101000000001010010001111100010110000001110101110110000010011101011001111010100101000010100000010101010001111110100110011001111010111111111101010010011011010011111011001110000101101010101101001110011001000110000000000110001000100101110011011111101110100000001111010001111000101100101010001111000110110001010000110101100001101000111011010010010011011101110111000010110001100000111101111111
11001111010000100110010010110000011100111100011110111001000101000000111101101010111111111101111001010111000101110000110010101111010000101110001111001101101111101111000011001010001100100100101110111000101101000000101011001011011001101111111101010110001101000100110110001111100000100000001011100011110111111010111101110100100101011000111001010011111100000011100110000111100011011011000101010000101001000111001000000001011110001001000011010111000101111101001010010000101010000001100010011000011010011011
10101101100001011000001110110000001110000110000110100010011111101000100001001001111001111001101000000101010000101001001000001110100111011101000011111010100100100110100110011011111011101000001100000111100110011100100001101110010111101001101010011110111011011011001011100001000000010110101101011000000001010100110110101010100000011111101011001111110011111011101110110101011110100010111000101011111010000100110010110000110110000100101100110000010011010100111111111101111011000000101101100010111100110101
10010101110010001111110111111010011001111111001110100000100101110011001101001001011110101111010111010111001100100010110111101000001000001110101110001000100101101110111000001010000100110100110110101100110001000011100111010010101010011001101101010100001101010101000110101001110000000001010011000101110011101011010100010000110001101101101001010001111100000001110111111100100011111011000011000000111101110101000101001111110101000001000110010110100001111000001100010110101010111101101111000100011010011011