10001101100101000100010110111100001100101110000110010000110111101101001010001101011110001001101000000110000011101000000000111100000100011101010111000010100100110110111010011011010001101010111101000100110100010100100001100110010101101001101010011100111111110111011011100011100000000010000101011010001001011110010010000000101010100111101111101001110000101101101110010100001110110110111100111110111001100101110000010101110111100110110110100000000011010100100101011100111111010000101101100111111110111111
10001101100101000100010110111100001100101110000110110010110111101101001010001101011110001001101000000110000011101000000000111100000100011101010111000010100100110110111010011011010001101010111100000100110100010100100001100110010101101001101010011100111111110111011011100011100000000010000101011010001001011110010010000000101010100111101111101001110000101101101110010100001110110110111100111110111001100101110000010101110111100110110110100000000011010100100101011100111011010000101101100111111110111111
10001101100101000100010110111100001100101110000110010010110111101101001010001101111110001001101000000110000011101000000000111100000100011101010111000010100100110110111010011011010001101010111100000100110100010100100001100110010101101001101010011100111111110111011011100011100000000010000101011010001001011110110010000000101010100111101111101001110000101101101110010100001110110010111100111110111001100101110000010101110111100110110110100000000011010100100101011100111011010000101101100111111110111111
10001101100101000100010110111100001100101110000110110010110111101101001010001101011110001001101000000110000011101000000000111100000100011101010111000010100100110110111010011011010001101010111100000100110100010100100001100110010101101001101010011100111111110111011011100011100000000010000101011010001001011110010010000000101010100111101111101001110000101101101110010100001110110110111100111110111001100101110000010101110111100110110110100000000011010100100101011100111011010000101101100111111110111111
10011101100101000100010110111100001100101111000110010010110111101101001010001101011110001001101000000110000011101000000000111100000100011100010111000010100100110110111010111011010001101010111100000100110100010100100001100110010101101001101010011100111111110111011011100011100100000010000101001010001001011110010010000000101010100111101111101001110000101101101110010100001110110110111100111110111001100101010000010101110111100110110110100000000011010100100101011100111011010000101101100111111110111111
10011101100101000100010110111100001100101111000110110010110111101101001010001100011110001001101000000110000011101000000000111100000100011101010111000010100100110110111010011011010001101010111100000100110100010100100001100110010101101001101010011100111111110111011011100011100000000010000101011010001001011110010010000000101010100111101111101001110000101101101110010100001110110110111100111110111001100101110000010101110111100110110110100000000011010100100101011100111011010000101100100111111110111111
10001101100101001100010110111100001100101111000110110000110111101101001010001100011110001001101000000110000011101000000000111100000100011100010111000010100100110110111010011011010001101010111100000100110100010100100001100110010111101001101010011100111111110111011011100011100000000110000101011010001001011110010010000000101010100111101111101001110000101101101110110100001110110110111100111110111001100101010000010101110111100110110110100000000011010100100101011100111011010000101100100111111110111111
10001101100101000100010110111100001100101110000110110010110111101101001010001101011110001001101000000110000011101000000000111100000100011101010111000010100100110110111010011011010001101010111100000100110100010100100001100110010101101001101010011100111111110111011011100011100000000010000101011010001001011110010010000000101010100111101111101001110000101101101110010100001110110110111100111110111001100101110000010101110111100110110110100000000011010100100101011100111011010000101101100111111110111111
10001101100101000100010110111100001100101110000110110010110111101101001010001101011110001001101000000110000011101000000000111100000100011101010111000010100100110110111010011011010001101010111100000100110100010100100001100110010101101001101010011100111111110111011011100011100000000010000101011010001001011110010010000000101010100111101111101001110000101101101110010100001110110110111100111110111001100101110000010101110111100110110110100000000011010100100101011100111011010000101101100111111110111111
10001101100101000100010110111100001100101111000110010000110111101101001010001101011110001001101000000110000011101000000000111100000100011100010111100010100100110110111010011011010001101010111101000100110100010100100001100110010101101001101010011100111111110111011011100011100000000010000101011010001001011110010010000000101010100111101111101001110000101101101110010100001110110110111100111110111001100101010000010101110111100110110110100000000011010100100101011100111111010000101101100111111110111111
10001101100101000100010110111100001100101110000110010010110111101101001010001101111110001001101000000111000011101000000000111100000100011100010111000010100100110110111010011011010001101010111100000100110100010100100001101110010101101001101010011100111111110111011011100011100000000010000101011010001001011110110010000000101010100011101111101001110000101101101110010100001110110110111100111110111001100101010000010101110111100110110110100000000011010100100101011100111011010000101101100111111110111111
10001101100101000100010110111100001100101110000110110010110111101101001010001101011110001001101000000110000011101000000000111100000100011101010111000010100100110110111010011011010001101010111100000100110100010100100001100110010101101001101010011100111111110111011011100011100000000010000101011010001001011110010010000000101010100111101111101001110000101101101110010100001110110110111100111110111001100101110000010101110111100110110110100000000011010100100101011100111011010000101101100111111110111111
10011101100101000100010110111100001100101111000110110010110111101101001010001101011110001001101000000110000011101000010000111100000100011100010111000010100100110110111010011011010001101010111100000100110100010100000001100110010101101001101010011100111111110111011111100011100000000010000101011010001001011110010010000010101010100111101111001001110000101101101110010100101110110100111100111110111001100101010000010101110111000110110110100000000011010100100101011100111011010000101101100111111110111111
10001101100101000100010110111100001100101110000110110000110111101101001010001100111110001001101000000110000011101000000000111100000100011100010111101010100100110110111010011011010001101010111101000100110100010100000001100110010101101001101010011100111111110111011011100011100000000010000101011010001001011110110010000010101010100111101111101001110000101101101110010100001110110100111100111110111001100101010000010101110111100110110110100000000011010100100101011100111111010000101100100111111110111111
10001101100101000100010110111100001100101110000110110010110111101101001010001101011110001001101000000110000011101000000000111100000100011101010111000010100100110110111010011011010001101010111100000100110100010100100001100110010101101001101010011100111111110111011011100011100000000010000101011010001001011110010010000000101010100111101111101001110000101101101110010100001110110110111100111110111001100101110000010101110111100110110110100000000011010100100101011100111011010000101101100111111110111111
10001101100101001100010110111100001100101111000110010000110111101101001010001100011110001001101000000111000011101000000000111100000100011101010111000010100100110110111010011011010001101010111100000100110100010100100001100110010111101001101010011100111111110111011011100011100000000010000101011010001001011110010010000000101010100111101111101001110000101101101110110100001110110010111100111110111001100101110000010101110111100110110110100000000011010100100101011100111011010000101100100111111110111111
10001101100101000100010110111100001100101110000110110010110111101101001010001101011110001001101000000110000011101000000000111100000100011101010111000010100100110110111010011011010001101010111100000100110100010100100001100110010101101001101010011100111111110111011011100011100000000010000101011010001001011110010010000000101010100111101111101001110000101101101110010100001110110110111100111110111001100101110000010101110111100110110110100000000011010100100101011100111011010000101101100111111110111111
10001101100101000100010110111100001100101110000110110010110111101101001010001101011110001001101000000110000011101000000000111100000100011101010111000010100100110110111010011011010001101010111100000100110100010100100001100110010101101001101010011100111111110111011011100011100000000010000101011010001001011110010010000000101010100111101111101001110000101101101110010100001110110110111100111110111001100101110000010101110111100110110110100000000011010100100101011100111011010000101101100111111110111111
10011101100101001100010110111100001100101111000110110000110111101101001010001101111110001001101000000110000011101000000000111100000100011100010111000010100100110110111010011011010001101010101100000100110100010100000001100110010111101001101010011100111111110111011011100011100000000010000101011010001001011110110000000000101010100111101111101001110000101101101110110100001110110100111100111110111001100101010000010101110111100110110110100000000011010100100101011100111011010000101101100111111110111111
10001101100101001100010110111100001100101110000110010000110111101101001010001101111110001001101000000110000011101000000000111100000100011100010111000010100100110110111010011011010001101010101101000100110100010100100001100110010111101001101010011100111111110111011011100011100000000010000101001010001001011110110010000000101010100111101111101001110000101101101110110100001110110110111100111110111001100101010000010101110011100110110110100000000011010100100101011100111111010000101101100111111110111111