00000101011101000010000010001111110000010111111101110110100011000111000111010100101001101111000001111101100011101100110010011110000001101011011010101000010101011000011010101101011000001111010001101000010001100100110110100010001101000000101111111111011011100011011111111011001111001110000101000011111101100000100111010111001011101010100110001000010000101111001010010000101111101111011111010110010000101100110001010110000001010111110000011010001010111010101101001000100111010011010010100111011101110000
00100111110100011110010010100100011010101100100110101001000111000101101111011000011111111100010001010011011111100000111010100011100011001101110110110100000110111011001101001001101110101010110110110001101010001000001101001011001010000110101101010110011111011110111111001111100000110101111010010011001011001010010110111010000110111110011001111010011100001111000010100011110010011000011011000111001001001101100001011011001000111000011010010111000011111001001010100100100010000000000010010010011110011010
11001101000000011110011010110000101110111100001111100110000101000001101100001010011101011001111001101110011100101001001010001010100010001101101111110001110100100111001010001101111110100101111110100001100111100100000111100010010010101111111101111110011101000010001011001001100001011111111111110001010011011110011010101001000000110100001000010011111110001011100110100001011110010100001011100001101010000111100001111011010010001100101011000110011011010101000000111001100011000000100000110000111100111111
11001101010010110011100011010100010111011000111000110000000001000001110110110110101111011101101101010100110011110010111111111010111011101011011011010001101100011101001010101001101010000110011000101001000111000010100110000010011000101111111101010110011001100100011111001011000100010100101011100111011101110001101011111110011001110100000101000011110000001011110111001001110010001010001111010001100101011110101000010010000010011010001001000010000110111111000010110011100010101101100010011001011110010001
00010010011101000110011000001011110000100011110001001111110110010010011101110101100011100110010011111011100101001101110010110011000100100010000100101110011011011001010001100110001101111001110011111000011000100001011100011001101100010110000111100011000100100101110100111110111111101000000010010011100110101010100101010101101101001010011111110000001110100110001000000110100001111101010011000100011011100001011100100111011101101011000010011111111100101011101111001000011100010011010011011101000011101010
11011111101101001100010110111001000100100111000100001001100011110100001000001110001001001001101010000110001000101100000000011111000000001100100111001101000111000100110011001011011000011000101101010100011100000101001001111011110101111000111010011111011101110011101010110101111010100011010101110000100001011110001000000010101110000011110110000000010000111111101111110110001111110101011000100100110000100111010101011101101111000111110101001001100011010100110111011100101111010000011100100101111101111111
11100100100110111111111101010000001001100000000010010000001100101100011001100111010001100001000100000111011001011011001111011110111010010001100100010001101001100110100110111001111011100000100000100111100010011110100100101100000001001001010101001010110100111010011011001010100100010011010101101110100001001111011110001000011010001001001100100101100011011110010101101000011101010111101111111101101110010011101011111011110000100111110111110010010110000000011010111111010001101100101101101001100100111111
10110010110010111001100101111110010001001011010000101001100010111111110011101000100110110111000110010101010011010010111101101001111010110101010000111100101010011101111101010010100010011010010110010111011010011011101001010101101010011111000000000000100000011101110101100110010000110100001001011110001100000001100111111100110110111111110011110011100000100000010101111110110000101110110000001001110101110000111100000100101101101000010100110101100101101001101100110111001000111100101110011100000010000001
01010010001100111010000100101011100010000001100001001101111100111010110101111010000010110010010011101001110100010100001010101001110111010111000000110111011011010001110011110111100110110001000110111111011010110001111001010101100010010110010101100001110000000110101001011100011111111100101011101001100010100100001110101001100101011101011001110110001101011100000000100111010001000111101001101101001001101010101110010100101101111001001101111111101111000011011000100001001000010011011100011100100111000100
10111010010100000110011000011000111100111011101010110010100000010001001101010000110101100101111011011111101101001101100010001110000001000010101101001000110000101111011111000110011100010100111010101000111101001101110110111000111001111111000101101010010100001001011000101010111001101111010111010011010010111010110100010010100001101000100011110001101110100110100100010100001100111010000111010100110010101001010101101111000111111100100010010110111010101111101110011000001001010011100010110100000100101011
11001101000000110110010010110100000110100100110101100100010101001000101110011111001001011001111001100110010111111000001010011010110111111101010111010011100100000101000010111001111110100011101110100011000110110100100101101110010000101111111101011110111101100000011011001011100100010110101111101011001111011010001011101111001000010000001100010011111100001011100110000001011110010010101011001001101000001111100001010011010010011110101001100110000011010101000010111001100011000000100001110001011100111011
01011101111101001110011010001111110100101101010100000010100011010011001111000010001101101110111011011011001110101001110010000010000000101000110111101001010101011001011000001100011101011010111011100000010100000101100100110010111110110110111111111110001101010010000110001001110011001011010110100001101111011110001101010100000000101010000000010000011110010111001010100000101111011011010011100100000010100111000101101111010011001101100011011110111000111101011001001100110111010000010010110100111000111110
10011101100101010100011010011000001110101111000111110100100011010101001100000100011100001001111011100111011101100001001000011100100011001001100111011000100100100110011010101001100110011001111011000000110110100001100100010010110101111001101010010100011111110011011011101011110100010101110001010011000011011110010010001001001010100010100110011001111110101101101110110001010010110110011111110111110010100101110101111111000011000010011010000100110010010100100101110100100110010000100000000111111100011111
00100010001101110010000100000111101010011000111010111011000000101111110110110001010110010010010001001000111111011100001010100101110011110001111000011100011010110011101101010111110111000110010011111111101011011100111110101101000101000110000111101001110000001100111000011110001011111111111110001011011110000000010001101100100110110001110001110010001100001100001000000111011100000110101111011101000001001000101000001010111100111100111100101111001110000011000011101001011101000010011101111000000111100000
10001101100101000100010110111100001100101110000110110010110111101101001010001101011110001001101000000110000011101000000000111100000100011101010111000010100100110110111010011011010001101010111100000100110100010100100001100110010101101001101010011100111111110111011011100011100000000010000101011010001001011110010010000000101010100111101111101001110000101101101110010100001110110110111100111110111001100101110000010101110111100110110110100000000011010100100101011100111011010000101101100111111110111111
00110111001111000011100111001111100001001011010000011011100000110111000111000000100111101011010111001101100111100110000111101111001000100000010000101100010011010001111111001110001101010010010011110100011000001011111000011001100101010110001111100111000010001101110010111111011011101000000011010111101111000001100101000110110110101101110011101000011100100111111001011110000011100111000101010110010101110000010100000100101101101001010100011011101000000011101111000010111110111110011100010110000011010000
01100010100111110111110101000100000001110010101000001001011000111000011011110010100001100000000110000010010010011010001111000011111110010011011100011111001011000001100101010001111011010110100001111111001011011111001010110101100100010110010111001010110100011011101001100100110000110010000110101100111000101111101110001000010101001001110010100100000001111110011001011010011101110001101000101101010100011011111110010001101000111101100111110011100110000001111101101111010101101101001100111000100100101110
11001100000100110110010000110100001110101010100011110100000110010101111110111011010110010001111011100110111111011000001010101100110011000101110101111001101000110111001010101000100110111011111110100001100110100001000101011000110001111111010101000000010110000101011011101010110100010101111011110011001011011010011010101001000010110010101011011011101100100100101100010001010000110100010111010111111001001011111101001011010010011000011011000110100111000111100110111000000000000000100001011010000110111011
00111000101101001110011100101111101110101001100011010110110010110111101111011101010101110010111011101011100110000101000010011110000101000100010101101010010001110011111110100100001101011011111111100100110100101001110101011000110111110110000111100011000100111000000000011000111111001000101011010001101010011010010100100011001010111111100100110010001110000110001000100001000001010111010111010100000010101001000101100111100011111011011110011110111001000111001011000100010100010010011101010101000001001010
11111000100010001111110101011000000101111001101001110100111000110101101100010110000110010001111111100110100100001010000111111100001101000011001101101011100000010101111110100000010101010101111010101100010101101011000110010000110011111111010101000000000110111110000001001000110100000100001011110101010010111111001010100011011011110101100100011111101101011000110101101000000000010100000111110010100101111011100111010111100011011010010111000110100000000111010000011110010001111101101100010111100010101111