10001101011001100010000010110111111100001100100111100110000111000011010111111100111101101111111001111101100110110100110010011110010001001100010011100000111100101111001010101111001101101011011111100000100100100000110101000010011101101111101111110111011001100010001111011001001111001100000011010001001011010100110100010011101000101010001100010001111100011011101110000100100010001010011011100000101000001100001000010010000110011010000000011110001111111111001001010000111110000010110010011001111101010101
00001001010101000110011010001010111100111110011100010010100111001111001100000000111110001110111001011010001101101101100010100100000000111000101111000000010100001011011000010110010101101100111011101000110101010100110110100110011101100110101111111101101101000101010100101011101001001011010110001011010110011010110001010110100010100110101011010000011110100101001010010100001110111110110111011100011011100101010001101111010011001100110010100110011000111101100101001000111111010010000010110100011010101010
11111101110101001100011110011010110100100111010100110010101101100010001000000011101001001111101000011110000000101101110000001110000000101000000111000001110101001100110110001101011000100000101001000100010100001100010000101010011111101001111010111111001111011011000111100001101001001110000101100000100101011110101011010100000000000001001010101101110011111111101110110000101111111001001100110110111010100111010010110101110011100101100111000000011000111100110111011100100111010010101111100110111000111111
10110101100101001100010110111100001000100111000111110110111011100000001011001100111011101001000000100111001011101000010000111110000100001100110110100010100100110110110110101001011000001011100111000100110000101100100001100010000111001001101010011110011111111111011110100011100100000111010101000010001001001110110100000011001000001111000111011101110001111111001110100000101110110110011100110110110001100101010011011101100001000110100110010100000011010000111111011100100111010000101100100111111110111111
11001101000001000110010010110100000100101010010001100110011110001101001110001010100110001001111001100110000111101000010010101000000101110100010101100011100001010101001010111001010101101011111111100010000100110100000101100100010100101111011111001100110100000111011111101011100100000110000111111011101111011110101001000111000010100110001011110101111101111001101100010000101111110101111011101000111001001011010011010011010010111101110011100110000011000101110101011000110111000000100000110000100110111111
11101101100000111100010110110110100110100110100100100010001111101010111010111110101010011011101000000110110010111000001000111000110011011101010111010001101100010100100110011000110010101010101100000111000110011100100001100110010010101001111000011100101111111101000010100001100000010110101101101000001001011110101000101000001000010111001111001111110001110001100110110001011110110010110000101011111001001111111010000001110010010110101101100000000101010110110100111101100011000000101100101011111010111111
01100101001101010100010110000011101010100110110110000010010111100010001001010011111010101010000000001011111001101100011000100100100111101001100110111011010101100010100100001101110010101000100011000101100010001100110000101010000101000000111010111101011101001111011111110011101011011111110100110010100101001110111111001100000000001011101011110000010000111101001010010001111111110011011000100101011001001111110000011001110000110101101111011100001010010010111101101000100111000010011101100000111111111110
10111101110100001100010110111100011100100101000110110000111111110000001010001001011011001101101010010110000011101000110000101110000100001110010111101010100101111110110110001000011001111010101110001100110100001101000001111010111011111001101000011110001111011100010110000011110000000110000101010010101001111110010000010010000001000111101001111101110001010111101110100000101111011001010100110110101001100101000110000101110011100101100110000100100001111100010010011100110011010001101111100110111010111011
10101101110001011100011110110010111110100100010111100110000111101010101000001000011011011111101000110110010000101001111000101010100011111101000111110000100100111110100110111000111010101001101101000111100110111100000001101110011110101001101010011110101101011100000111000001100100010110101101011000000101011010010011111111000000010111001001100011110010000011101110100001111110011100110000001001101011001101100000100001110010110100101100100000010001111100000011111101100111000000101110100000011010111011
01110101000100010000000110101100001000011111101111010110101101101001000011011111111101101001000000100101101011101000011000011110000001011111111010100001000100100010111110111001011001100111010100001111110001111100100011101110000001000000111000011110111001101011011111100011000100000011010101111010011001100100111110000001001001101001101111100100010001111111100010010000101110100010101100111100011000101110110011011100110001110110100101110000000011010010111110001001110011010001001101100101111100110100
11101101110100101100010110110100011100100110000111100110011001101100011010101010111010001101101000110110000011111000111000101000010100011110010111101011101100111110100110111000010001000011101100001111100100111100000001100110011010101001111000011100101111011101010110100011100100000110000101101010001001111010111000010011000011000101100011001101110001110101100110110000101110111100100000001110110001000111011011000001110010000100110111100000000101111100110100011101110011000001101110101010011010111011
10100101100101101100011110111100000000100100010101110100100101101000011010101100001011001001010000100110001110111001010000111110010000111100110110000000101101010101110100111000011100100011100111000110010000111100100001100110000111001111101010011110101111111100000110000001100100000111010111011000101111001110000001000111001000000101001100111001111110010111101110100000101111010111100100111110101011100101001001101101110001101111100110100100010101010001000011011100100111010000101100111111111010111011
10101101100100011100011110110110001110111100101110100000010001101011101010011101011111011011101000000111101011100001011000111010000101011111111111100010100100110110101110011001001000000110111100001111100101011000100011001110010010101001101000010110111111111110011111000011100000000101111001011010011001111010010010100010001001110101000101101011110010001111100110100001100010010010101000001110100011001101100001111001100010110010001110100000010011010110000010010101100010000011101101000011011110011011
11101101100001110100010110111000001100100111010110110000111111101000011000101111111001001001101000000110000001110000001000011110010100111101000111100011101100100110110110111011001001101000101101000111110100011000000001001110010101101001111010010110111111111011011010100011100100000000000001111010000101011110111001000100101000000011001110001101110001111011101110010100000010110000111100111010111000100111111010010101100111000010000101100000000111010100110111010101111110010000101101001111111100011111
11001101100101001100011110110100001100101100110110110010011111101101001010011110011110001001101000000110100011101001000000111100000101111100010111100011100100110110101010011001010000101010111101000110100100010100000001100110010111101001111010011100111101110110011010000011100000000110000101101010001101011110011001000110001010100111001101100101110011011101101110100000001110010100111100111100101011001111000010110001110010110110110111100000010011010110010001011100100111000000101100100001111110111111
11101000100100111100010100010010101110110000101011100110011000101110011000110111010011000011101000100110111000011000001000111010110111010011101101110011101000110111100110110001111011000101101000001111100111111100000010101100010010101111010000001010110110111110001001000000100100010111110101101000010000111110011010001011001011000101000101101101100001011110100100100001011100010100101000101111100001001011101011011001100010111110111111100000000110000111010010111101010001000001101101111011100110101111
01111101100101101100010110101110101100100111100110010010101011110110011010111011111011001010101010000010101010111000000000100110010001001100110111101001001100110010110100001010011001011010101100000100110100001101000001111010110111110000111010011110001111011101000010100001110000000011010100110000001001011110111000000010100010000111100011101100010001110111001010110100001110110100010100110110010001101111011110001101110111110100110101000000100101010110110111001100111011010000001101101110111010111110
10101101110000001110011110111000011100101100000110110000101101100101001100001001011111001101111001010110000101101001100010101110000000001100000111001000100100111111111110001010011101100000111100100100110100001100100101101010011011101111101101011110001111011100010110001011100000000110000111000011000011011110010000010000100010100101101001001101111111010011100110100100001110011110000111110010101011100101000010100111110011001100110110000010010001111101010010011100111011010000101111110110111010111011
11011101000001000100010010011100001100101111000110100010110011011101001010000110111110001001101010000111000011101000010000111000000100011001010111101011100101110110011010111011010000011010111001000010110100010101100000110110110100111001111010011100111101100111011111100011110100000010000101101010101001011110111010000010101010100110100111100001110000101001101110010100101111110111111000101000110001100111110100010101010011100111110011100000100010010100100101011001101111010000100000100101111110111111
10111101110101001000000110111110111100000111010111010110110111110110000010001101111010001111101010110101000010100000110000111100000100101100010011101010100101111110110110101011000000111011001101000100110100101001100001011010111111111001101010010100011011111101001110100001010100000000000001010000101101010000110001010111101010000111101111101001110000101101101110110100100011101111011100010110111001100100010100010100100011100011010100000000100011111100100111010100101110010000101111000111011110010001