10011101100101001100010110111010101100100111000111110110110111101010101000001100111010011011101000100111000001101000010000111100000100011100000111000010100100110110110010111011010000101001101101000111110100110100100001100110010111101001101010011100111101110101011111100011100100000010001101001010000001011010110010100001101000010111001111100011110000101101101110110100101110110010111100011100111001100101010001010101110011100110100100100000000011010100100101011101101111010000101100100101011110111011
10111101100000001100010110111110101100100111000110110010111101101010001010001101111011001011101000000111000010101000011000111110000100011100010111100010100100110110110110011001011001100010101100000111110100011100100001101110010011101001101000011110111101111111001111100001100000000110000101011000001001011110110010000000001000000101001111100101110001111011100110110000101110110010101100111000111001100101010010010101110011100110100110100000000011010100110110011101110011010000101101100101111110111111
10011101000101000100011110111100000100100111010101110110110111101100001010001100101001001001101000100110000011101001001000011110000100111100010111100010100100010100110010111011011001101011101101000111010100110100000001100110010101101001101010011110111111100011011010100011100100000010000101001010001101011110100001000101101010000011001110001001110010101111101110010100001110110100111100111110111010100101010000110101110011000110110110100000010011010100100111011001111111010000101100100111111100111111
10011101100101001100010110111100001100100111000110110010110111101000001010001101011010001001101000000111000011101000000000111100000100011100010111001010100100110110110010111011010001101010101101000100110100010100100001101110010111101001101010011100111111110111011011100011100100000010000101001010001001011110010000000010101000000111101111101001110000101101101110110100001110110010111100111110111001100101010000010101110111100110100110100000000011010100100111011100111111010000101101100111111110111111
10101101100101001100010110011110101100100111010110010010100111101010001010000100111010001011101000000110000011101000010000111000000000111000010111000000100101110110110110011011010001101010101001000100110100011100000000100110010110101001101010011100111111111111011111100011100000000010000101001010101101011110110011000110101000000111001111101001110000111101101110110100101111110001111100111110111001100101010000010101110111100111100100100000000010010100100101011100111111010000101100100111111110111111
10101101000001000100010110111100001100100110110110110000111111101000001010011000111010001001101000000110100010101000010000101100000101111100010111001010100101110110110110011011010000101010101101000110110100011100000001100110010101101001101010011100111111001111001111100001100000000110000101011000101101011110110011000110100000000111101011001101110001111001101110010100101111110001111100111010111001101101010010010101110111010101100110100000000011010110110101011000101111010000101100100110111110111111
10101111100101001100010110011100001100100110000110110000111101101000001010000100111010001001101000000110001011101000001000111100000100011000110111101010100100110110110111111011010000100010101001000111111100011100000000100110010111101001101010011100111111111111011011100011100100000011010101011010001001011010110010000010101000000101101111101101110001101101101110110100001110110000101100011110111001100101010011011101110111100110100110100000000010010100100101011101101111010000101100100111011110111011
11101101100101011100010110110100001100100100000111100110011101101100001010001110111010001001101000100110000011101000011000111000000100011101010111100011100100110110100110111001010001100011101111000111100100111100000001100110010110101001111010011100111101111110011111000011100100000010000101111010001001011110111010000011001010000101001111010101110001111101101110100000101110010100101000101100101001000111110011010001110010000110110111100100000011010100110001011101110111000000101100100001111110111111
10001101100101001100010110111100001100101110100110110010110101101001001010011100011110001001101000000110100011101000010000111100000101011100010111100010100100110110111010111001010001100010111101000111110100010100000001100110010111101001101010011100111101110111011111100011100100000110000101011010001001011110010010000010001000100101101111100001110000101101101110110000101110110000101100111100111001101101010000010101110011110110100110100000000011010110100101011101110111010000101100100101111110111111
10101101010101000100010110111100011100100110010110010000110111101000001010001100111000001101101000010110001011101000110000011100000100111110110111000010100100101110110110011011010001101010101101000110110100011100000001100110011101101001101010011100111101101011011110100011100000000011010101001010001101111110110001010100101001000011001110000001110000111101101110000100101110111000111100111100111000100101010000011101110111000110100110100000000011111100100101011001111111010001101110100101111100111111
10101101100001001100010110111100001100100110010110110000110111101100001010001100111010001001101000000110000011101000000000111100000100111100010111000010100100110110110110011011010000101010101101000111110100011100000001100110010111101001101010011100111111111111011011100011100000000110000101001010001101011110110011000110101010000111101111001001110000111001101110110100001110110100111100111010111001100101010000010101110111000110110100100000000011010100100101011101101111010000101100100111111110111111
10011101100001011100010110111100001100100111010110110010110101101100001010001101111011001001101000000110000011101000001000111110000100111111010111101010100100110110110010011001011001100010101101001111110100010100000001101110010111101001101010011110111101110101011010100011100000000110000101001010001101111010110001000100001011000101101111100001110000101011101110110000001110110000101100011000111001100101110000000101110011100110110110100000000011010100100111011101110111010001101101100101011110111011
10101101100001001100010110111100001100100111010110110010110111101000001010001100111010001001101000000110000010101000010000111100000101111100010111100010100101110110110110011011010001101010101101000110110100011100000001100110010111101001101010011100111101111111001111100001100000000110000101011000101101011110110001000100101000000111001111000001110000111001101110110100101111110001111100111000111001101101010000010101110011010111100110100000000011010100100101011100111111010000101100100101111110111111
10001101100101001100010110011100001100100110010110010000101101101000001011000100111010101001101000000110000011101000010000111100000000111000010111000000100101110111110010011011010000100010101001000111110100010100000000100110010111101111101010011100111101110111011111100011100000000010000101011010101101011110110101000100101000001101101111000101110001111101101110110100101111110001101100111100111001100101010010010101110011001111100110110000000010010101111101011101101111010000101100110101111110111111
10101101100001101100010110111110101100100110000110100010110101101110011011101100111010101011101000000111000011111000000000111000010100011100010111000010101100110110110110011011010000100010101101000100110100011100100001100110010100101001101010011100111111111101011011100011100000000110000101011010001001011010110110000000101010001001101111101001110000101001101110110100001110110110101000001010111001100101011000010101110011100110110110110000000111010100101101011100101111010000101100101111011110111011
10101101100101001100010110111100001100101111000110010000100111101101001010001101111110001001101000000110000010101000010000111100000000011100010111100000100100110110111110111011010001101010111101000110110100011100000001100110010111101001101010011100111111111111001111100001100100000010000101011000001001011010110010000000101010100111101111001001110000101101101110110100101110110100111100011110111001100101010000010101110111000110110110100000000011010100100101011100111111010000101101100111011110111011
10101101100101001100010110111100001100100110010110110010111011101100001010001101111010001001101000000110000011101000010000111100000100111100010111000010100100110110110110011001010000001010101101000100110100011100100001101110010111101001101010011100111111111111011110100011100000000010000101001010001101011110110001000100001010000111000111001101110001111101101110110000101110110110111100111110110001100101010010010101110011000110110100100000000011010100110101011100100111010000101101100111111110111111
10111101100101001100010110011110101100100111010110110010110011101110001010000101111010001011101000000110000011101000000000111100000100111000010111100010100100110110110110011011010001001010101001000110110100011100000000100110010111101001101010011100111101111111011011100011100000000010000101011010001101011110110011000110101010000111100111100001110000111101101110110100001110110100111100111100110001100101010000010101100011100110110110100000000010010100100101011100111111010000101101100101111110111111
10101101100101001100010110111100001100100110000110010000100111101100001010001100111010001001101000000111000010101000010000111100000000011101010111100000100100110110110110111011010001101010101101000110110100011100100001100110010111101001101010011100111111111111001111100001100100000010000101001000001001011110110010000010101010000111001111101001110000111101101110110100101110110010111100111110111001100101110000010101110111100110110100100000000011010100100101011100111111010000101100100111111110111111
10101101100100001100010110111100001100101111000110010010110101101001001010001100111110001001101000000110000011101000000000111100000100011100010111100010100101110110111110011011010001100010111100000110110100011100000001100110010011101001101000011100111111111111011011100011100000000010000101011010101001011110110010000010101000100101101111111001110000111101100110110100001111110001101100111110111001100101010000010101110011100111100110100100000011010100100100011100111011010000101100100111111110111111